
latitude=12.987454143856606
longitude=80.24567519238109

